1807
3025
213
3978
881
3620
2220
4386
1549
3040
193
1102
2876
4462
1873
3966
2988
698
3183
3445
751
1369
4757
3114
64
923
1643
1318
2331
4266
2129
861
2640
4132
2632
3408
1585
4782
308
645
531
2033
4336
4119
2600
1478
1086
1345
75
3961
3892
1433
4403
4582
35
801
4122
3136
1485
2308
3362
809
3482
671
4312
698
4936
43
2306
3552
2054
4597
3347
1868
1567
321
1507
2989
1728
2640
3871
3383
4209
2944
4492
4124
1489
1725
3319
2806
1088
741
1350
164
61
1094
1777
3503
604
4755
663
2722
795
3217
4235
2263
4814
1929
4412
855
1996
1339
1696
4185
294
2594
2171
3526
363
4096
155
2810
801
2541
4860
47
2685
1246
3964
1978
1279
4280
1093
467
642
3363
89
1112
4173
3794
4456
3968
1213
3785
4999
531
2476
3626
2443
110
3230
4084
2030
4941
254
2311
3954
2452
4463
590
3135
684
3063
1924
1774
1850
881
4696
2675
2133
2483
445
4510
521
2661
590
1422
1439
3300
1113
1612
3336
1274
3107
4139
925
2689
96
1328
2411
891
3245
4046
3520
4288
3337
1143
3046
3770
2961
3272
4429
662
2822
4571
113
4563
4950
4876
3369
264
2353
1402
4413
4381
618
4925
1902
158
2093
12
2256
1077
152
128
3580
4542
1376
4310
1328
3967
3415
1768
2745
4406
4159
3413
971
1197
3218
1454
2823
1910
4123
1596
4548
4781
3594
1398
2951
1952
663
4367
4151
1876
1568
3272
413
2091
4783
1801
1507
2163
2050
4057
2836
3715
4266
2272
885
4204
507
2120
2672
3176
3783
1909
1730
3879
3588
3594
4041
615
2453
2775
74
1707
1648
2662
4497
3532
3661
1858
1044
4270
987
2431
2395
2110
1424
2624
1
3757
3944
3091
831
3117
896
1300
1562
977
3934
1719
700
2159
3505
3675
2225
1872
1958
4894
2781
582
1641
3950
3146
1476
33
133
2031
3689
4614
137
4755
246
1318
3127
2608
1395
1720
135
130
155
3960
4280
2489
759
3257
1931
2217
2289
4177
3264
3092
2062
3612
627
4903
2775
3519
4766
4860
4974
807
2654
3645
1555
3898
2981
793
1550
1193
1676
2782
95
550
1525
151
4018
285
1690
1283
2934
3191
1104
3524
773
3385
1366
208
3831
1368
3932
415
3641
3727
765
992
1249
2507
3976
679
2240
1278
2846
469
352
584
3469
2500
2302
1479
4723
1838
1161
468
168
3977
2955
2440
1360
3109
4551
1861
1564
4610
2982
3679
153
553
1817
455
4860
4141
4036
4418
1945
2306
1229
2963
66
3745
2510
4455
983
4413
215
3553
1713
996
3904
3650
4808
1431
4036
2917
3556
4590
3081
403
4928
3826
3742
3177
558
1306
701
2390
1498
1193
4086
3245
2176
1174
1099
835
4941
2223
4206
2577
4593
1310
4870
193
3597
3877
3506
645
4507
232
4431
1624
1107
3135
2581
4087
2048
3994
2728
1096
2660
3821
1834
4717
3271
2713
4978
4710
696
2956
3955
986
4960
3017
496
4220
1650
1666
4276
3197
1676
2444
4079
4204
282
1727
2272
2607
3304
829
2250
2381
4197
1501
316
1330
265
87
1801
783
2238
2392
1142
2773
2287
1353
1032
2603
630
4107
2683
4912
1192
3463
630
4151
3164
2528
4436
865
1015
3606
4088
3621
371
4068
1444
2577
4565
919
259
2951
4150
4721
2643
2109
1412
893
1761
1850
4266
3055
963
3061
4498
3615
4486
3049
4618
3856
4090
4745
459
1798
651
1042
2467
1368
3806
2694
2520
4481
2020
1089
4377
2773
2661
1698
4320
2989
598
3421
4920
1859
3492
4885
494
1438
1630
3380
3461
3634
470
1435
3393
3377
2765
3199
4153
4880
3499
1164
1594
2604
2000
2396
1507
4751
987
3521
2182
661
591
2953
1133
3771
1786
4399
1735
1620
1336
3596
3517
3036
448
4637
3540
372
3596
2598
892
377
2612
803
4694
1016
3651
4020
3607
1997
3383
3142
3446
2461
885
3922
2768
79
329
2028
103
2069
1660
1357
2737
3305
987
3461
2366
912
922
234
591
3763
2852
2493
4143
973
756
1003
4449
1196
3724
1088
2362
4719
4198
1775
1847
1237
931
834
3630
1122
3860
4006
1670
1237
4520
4989
1602
3191
602
1253
1037
3331
1893
4638
18
78
1181
3992
1306
2104
2501
2652
1030
2734
4320
2167
3269
121
4978
3426
4703
631
851
4478
618
3899
4902
4412
872
4397
561
3223
1907
1596
2001
1882
4231
1277
4116
1352
166
4504
3195
715
361
2035
3110
2171
3416
3851
1846
3312
4611
1231
3356
2613
2758
389
4143
3426
4080
3172
2435
4421
4988
1090
494
2715
1505
2180
475
3723
2517
2295
3043
4113
1521
2662
1286
216
2386
4851
4712
3751
2562
2646
2795
1808
4982
1236
1068
1134
2623
479
3702
3950
963
217
3959
3033
993
4841
1130
344
1447
929
338
510
3140
2606
1214
312
2201
3741
1711
3918
3889
1024
966
518
22
4151
2557
479
2564
4249
633
587
4951
1868
3745
4059
1924
4696
3443
4308
850
829
3283
2138
4350
1859
3857
3396
1205
2162
4432
307
4493
238
4741
3829
3998
1588
3658
3114
2031
160
3440
487
12
1987
701
2110
330
886
2145
3504
4808
4389
3341
836
4218
2755
4297
1596
4575
1845
3915
4561
2303
4637
4676
3958
2550
1268
4506
988
1984
552
2523
3271
2937
3079
4194
1386
4529
2500
3628
1927
1122
111
2216
3239
4768
2533
1736
652
2431
829
4863
1177
2477
2761
2993
2204
4964
285
4406
623
967
458
4779
4629
2924
3616
971
1349
2627
874
4069
1412
2764
1574
1159
273
3889
3045
1952
2685
670
206
4361
1939
3241
260
3613
649
3662
1296
4035
4514
3747
2649
1167
4249
2724
4152
2846
1030
4041
1027
3076
1734
1280
2144
3785
111
1962
4151
1151
3019
2778
2655
924
3093
3504
3934
3881
2108
2652
3518
1685
258
1353
2368
4503
2177
74
1703
3259
4086
3343
453
4647
1195
1444
4313
1261
3957
2727
732
3936
2544
1186
2058
4059
1466
2408
980
2440
995
4925
4776
1493
2553
698
2791
818
158
4740
4437
3649
3423
2072
4659
1396
3010
3396
4155
70
4330
4341
3759
1409
379
3527
3303
3734
3119
3581
3073
2700
4141
2103
3148
1043
3430
2727
3301
2172
4034
3696
1552
4081
1120
431
1376
1099
2402
2394
4098
776
3827
1028
827
2581
2200
3794
2366
253
3879
664
2125
2562
1860
4324
4584
1826
3007
1975
2223
2993
2139
435
1281
2964
2913
2566
3544
2144
3917
2763
864
4440
805
3212
2228
635
4350
623
3939
1861
3187
4777
2179
4309
489
4433
4943
2761
1383
4830
3906
3569
4178
1496
4122
4717
4648
3690
4888
592
213
60
3782
857
726
3000
1889
1106
2919
752
287
530
4037
1180
2205
1793
498
2514
79
761
2092
3488
4672
3554
3525
3497
2704
356
892
645
4453
3882
1848
1653
3503
2699
1730
4712
3446
4454
4670
4359
3903
4722
4260
650
2784
4293
2523
905
1683
4682
2253
3947
4482
2374
3251
4218
3812
270
2567
4020
929
3463
2727
1085
3360
4453
4206
4475
1255
513
3660
1005
2894
4728
3703
4829
4145
2095
3861
439
2311
3684
4022
4223
999
377
3564
2125
4540
993
2821
1470
4944
1470
1919
4818
2850
2297
422
2006
4460
2656
450
645
1912
246
2841
3121
3268
3261
4821
191
2347
68
4675
165
4773
1909
2317
2409
373
2966
3494
2325
336
1990
1164
1626
2988
1310
3463
4489
4906
1536
3352
2400
2267
3734
137
683
4282
4184
3820
3326
3177
4505
728
4973
2392
1845
4786
831
2189
3360
4517
1910
3858
772
901
1831
3303
2153
3961
399
1166
1228
4285
1603
4247
3895
1137
3692
2801
1640
4762
2923
1565
1374
4168
4143
3614
1422
4188
3671
1013
1105
4007
4234
75
461
4935
2337
2022
542
2312
4635
2033
3473
4756
53
748
2037
3529
2936
741
3869
2840
4823
1018
3933
320
2614
1061
4654
2345
2162
3149
457
4776
4557
2097
2366
3659
3960
4610
2494
4722
2502
3479
4061
2264
1286
293
3035
1326
1437
878
3243
3439
2568
1607
3325
1932
2125
4975
1090
2620
3252
691
4328
1728
484
1256
1419
4660
2845
1550
4191
3797
540
1134
3000
3526
698
2804
583
4135
3882
3306
1162
4783
3106
4667
2582
98
3641
411
4650
1948
4166
268
4804
3716
4323
4119
1732
4233
4511
429
4938
4931
115
4040
3771
2815
3012
4797
2033
4094
2162
4916
4703
4712
2345
3801
897
2377
1798
460
204
2285
1725
1657
1778
3659
4193
4443
1222
3213
1998
2429
2904
2216
581
4166
2871
1034
4041
1862
1407
1735
3931
1267
3962
1430
2122
1686
4091
2789
3728
1758
4689
1200
4630
4216
3059
444
2457
3371
2611
2206
4270
3278
4560
2613
1441
3119
4548
2265
277
4346
4764
1451
3533
1298
4922
4877
344
1058
3247
1426
981
467
4358
4598
1997
1311
1207
2483
725
2537
1992
184
3460
2685
4624
3679
1221
3699
4071
392
503
4368
187
4229
351
669
4242
1166
2790
4684
620
1046
3804
2218
691
2294
710
2766
4356
3599
3759
4720
2154
1370
4731
4362
1793
3279
977
3158
3654
1425
3107
177
2423
2665
4812
81
2657
3178
240
1199
4655
3606
2394
2755
2047
3469
124
3347
2360
1314
649
3150
1976
4592
2902
1224
1754
4321
4821
3684
3142
974
1987
1313
4502
1147
47
1733
3989
4610
497
3107
4191
2415
824
4845
2780
4089
4938
412
3597
2288
4283
2177
4381
2993
3859
1559
880
852
1109
2189
1800
3738
4505
3906
3978
4872
2160
2585
3405
170
657
3735
2984
1974
1910
1025
453
4819
36
86
3515
2866
2645
4464
4487
664
2089
1418
678
2419
651
916
1974
1900
1212
3617
4986
4294
2070
1250
4126
3864
4726
4862
897
2111
825
4137
3854
4544
2353
645
4959
3219
2990
3191
244
429
2968
759
2782
4860
2596
432
1822
4894
4711
4201
3938
2197
603
3294
684
195
3140
4776
3486
1779
55
3200
314
3916
178
626
4967
2614
3485
1167
2364
3853
1234
1840
1074
1449
4678
4156
584
2547
850
810
246
3866
3853
3958
1017
2854
2165
514
2207
822
1248
1440
4140
945
2827
552
1290
1538
2217
81
4120
1237
73
4441
4530
173
2160
2171
607
3566
2268
2021
1548
945
1752
4342
2428
8
4506
2797
4081
3033
4237
3455
1141
3515
3544
568
3579
3522
1437
519
4952
133
1401
3170
156
3418
2315
3285
4971
3542
2521
100
3124
4421
3115
667
2451
283
347
4092
3326
3895
4356
2469
1449
3701
1670
2220
1351
1931
3552
2596
3258
2369
4500
4794
1482
991
2899
2736
48
3437
3454
3546
3791
4729
2021
636
3809
4639
4433
832
65
895
1114
4947
2696
4849
1037
3022
2442
2152
3316
2497
1907
3517
2122
2998
4782
872
2689
2846
2932
4579
3481
4832
2016
1709
857
859
3108
1337
828
3980
1063
1818
4643
4247
2322
1240
2977
3688
4548
1058
1296
239
1120
1462
2849
3429
295
126
3757
2260
1037
2808
4508
764
3550
2758
1033
3267
4796
1473
4655
2439
1346
1626
3946
1317
3468
2190
3050
4113
3334
3783
3754
3614
1471
1035
2600
1843
2055
2874
4161
9
1897
3275
3584
2772
3473
4998
3221
4179
3238
2784
4331
4022
2835
2667
747
2496
1715
4534
2167
965
2966
3178
3549
2152
145
1339
4207
81
862
3594
719
2891
591
3331
3270
2526
609
4438
3478
2783
4141
2980
4763
4594
763
3566
4292
3754
1824
3500
3448
1885
1725
941
877
3564
4216
3314
2585
4908
4650
3976
455
3035
1224
1108
1162
1427
1184
2600
4298
1003
124
4196
1770
1200
433
4441
4878
850
3249
130
788
2078
2639
2444
1678
3987
2314
3244
4786
2621
2437
3769
471
3410
4516
2517
4783
3782
3931
1633
1114
1715
982
2523
2358
968
4234
1029
1257
3924
2114
677
4230
1574
3914
64
1839
3281
1470
4124
3520
4948
85
523
250
2849
3019
464
3486
4047
1250
2593
3689
3730
1993
2164
614
282
1636
4422
597
2237
4004
2578
4539
3214
697
482
2883
2352
3891
4041
186
2972
4619
1883
1850
1930
696
4490
599
4874
2282
3959
392
1657
3716
1416
440
3157
3072
4457
3799
4880
80
102
4481
669
4098
1698
577
896
1102
1565
86
3527
601
4687
872
4036
4309
994
4847
2535
248
3259
1337
1707
3379
2608
1917
3467
2770
1574
1648
2667
626
2179
2893
2363
153
4002
4262
4213
3371
4433
738
3449
1534
1753
1098
256
688
4080
2124
3431
4063
1573
2564
2880
3114
3276
4677
3454
2118
2493
2762
3307
597
4815
964
3836
1294
23
3582
59
321
4365
1695
115
3043
1965
4529
4342
2571
3999
1247
4394
4586
1797
1396
2663
1430
2170
3140
2710
2100
180
1057
4934
3886
1109
309
3851
4404
2168
782
4804
4009
3531
4296
2766
1659
3336
4961
4114
2346
1855
3836
172
2099
4335
3514
1129
3573
1315
2729
2537
2176
4286
608
4786
3435
4312
3178
3358
1643
2499
4902
2322
2323
3608
4669
941
3775
2990
1381
2878
3767
2549
2423
1250
1511
358
4247
3785
4198
2112
575
614
3383
4828
163
3666
1232
25
2273
3435
4882
1489
1334
2692
483
4784
221
1002
802
1740
1520
497
2600
3039
812
4099
2892
3301
3978
3302
4690
3329
413
3849
1852
1799
1634
2558
4374
1727
2871
657
1733
808
3957
1964
3706
3422
2416
1322
758
1738
4904
1393
996
2459
590
602
4431
3604
3322
4563
2810
4420
1471
574
3039
50
1439
2066
463
2899
3302
4622
875
2292
2705
608
1794
857
1909
1716
2594
3637
1137
4546
3548
1763
3585
3401
3695
246
3307
1861
382
3797
4815
125
3134
2017
2847
3936
3027
544
3056
3571
2866
2386
292
4800
1041
3285
3381
4733
900
1889
2522
1420
1058
904
4172
2294
2961
3052
1963
2607
2618
4132
4356
4036
291
4908
1967
444
714
4871
83
2808
1339
822
2731
2906
506
2655
4883
4508
3262
1045
1671
3391
4092
488
1014
4058
666
1316
3739
1200
124
2552
124
4427
4642
2199
2728
3518
4140
3728
1744
4864
4733
2903
35
604
3585
3161
2372
4412
4435
1713
859
3209
4710
3432
189
4080
1571
423
2557
3454
3780
176
3735
400
4516
3902
932
4265
89
4331
311
4803
1319
4769
131
1930
4255
538
941
1688
56
1640
1877
40
268
337
2453
4167
3636
4051
2731
940
44
3329
1667
1613
4716
2588
1787
1110
4660
3909
1162
4298
932
3912
4936
2429
2995
145
1187
2088
4433
707
1846
1844
528
1076
1642
3041
3029
1148
3704
301
4777
3673
1646
3739
4291
2878
301
3428
589
4027
4777
3102
1795
3013
3328
4234
3174
4844
52
2841
3266
259
777
16
4926
430
182
2383
1002
478
557
697
2976
4188
311
812
1280
4439
4027
1478
1145
1345
4425
658
1039
4660
2331
4194
2318
3912
4884
2666
4743
3282
3799
4507
4739
3815
1469
2625
3627
3033
1693
1409
3414
4575
4577
2570
2664
116
3429
2280
559
1782
4154
3431
4336
2447
3913
2070
1473
2164
3401
4435
554
799
4737
2405
2350
204
3443
1944
2982
3607
867
3020
23
2007
1519
4727
2212
485
1847
4131
2000
504
1641
4510
956
779
2508
2317
3444
418
1652
1923
671
1707
2354
2949
1337
2345
2706
2943
726
313
3004
4236
177
2172
4639
2109
4198
2030
569
2839
400
3867
2442
3240
3373
973
3062
186
3781
250
3635
484
3961
1706
2720
3553
1692
3555
1454
920
1688
4208
559
3825
3981
2638
196
3213
2824
538
445
1913
2198
2501
2571
2911
3161
3981
1659
2172
1874
1039
66
3912
1265
938
3646
1411
1942
180
1445
1329
3173
4422
3838
3873
2698
3895
1265
2467
3789
3641
2734
2181
1857
3992
1325
2688
4175
2826
1832
2398
3291
2700
10
851
3615
4923
3084
1914
2215
2029
4671
4866
2212
3293
4241
743
1767
1800
4517
2564
1292
2678
356
2809
3536
751
752
1085
1360
708
2481
78
306
3120
1750
11
2242
3137
2434
4310
2143
3028
151
4676
3325
1339
3
1481
1340
3035
1799
88
4272
1936
1489
4633
3119
1834
3404
1544
1715
2795
316
893
982
1529
4299
4598
1246
534
4486
740
286
2830
3645
4279
1351
3045
1504
3091
2826
323
3631
596
920
567
4745
3832
4521
2104
3159
1826
262
2325
4462
1644
3089
132
1870
106
2912
3144
3523
2040
124
3412
4840
2126
846
1072
1525
1337
3073
3372
3339
636
4315
841
4158
738
4318
2426
4642
691
992
309
4392
4985
2259
4239
403
2403
3959
2792
481
2069
2018
667
1572
289
33
281
2985
2163
2534
2141
1064
4531
2110
3615
2498
4714
1157
3794
3643
2934
969
4973
431
1178
590
4259
1250
717
1034
4219
4289
4853
3077
4211
1739
3707
1438
3301
1714
4272
2442
3942
2900
3541
3465
202
4099
3810
4231
1515
3459
4838
1235
2317
1709
2661
423
1747
1102
3627
1972
239
2087
2820
4732
3299
2646
3628
2683
3697
4124
3433
2333
2728
2016
3735
4364
2458
3236
4374
677
3117
4870
600
744
1915
273
2152
548
3818
4035
1163
1623
3516
779
4070
1352
3409
4740
4184
2011
3189
3396
1348
2109
4921
3683
2063
1047
2532
2301
4957
3498
2967
906
1840
4015
3412
1997
403
2162
149
2071
3209
694
2723
4672
844
132
1832
3653
108
4059
4002
4468
3146
1849
3075
1176
4604
4139
783
3136
1210
1017
164
3356
27
2636
2313
3327
2260
4909
3570
4121
741
2826
244
1549
2832
1574
70
891
4160
1688
2513
1768
3322
84
24
614
4703
3467
3981
4702
3681
2789
2417
3862
3023
393
4664
413
4716
4868
3872
1148
1978
4464
1945
120
1589
2587
2553
2635
4091
2765
4403
2673
4470
1717
2882
909
4256
1298
4674
3626
1545
2854
2581
2667
4431
865
1196
4095
2236
556
2145
530
2116
3041
3134
444
3929
4385
419
3063
1486
161
75
4775
4036
4553
1797
3432
347
3365
4272
624
4739
1842
1068
288
1164
1749
102
3761
2063
4480
3290
3835
966
3062
1510
4978
4893
3006
3291
2286
1811
4548
3030
716
4641
4277
2669
4371
4973
4631
4487
1842
415
4416
784
3151
4404
2359
3896
3839
2065
615
4966
4952
151
2861
746
2498
4687
3276
2315
3288
3123
347
2181
4584
932
1604
1197
3557
1047
3130
2733
2055
2584
4380
134
3437
4242
4925
837
1477
1487
4288
238
3648
3334
3112
3669
2884
4737
455
1554
1031
2819
3033
3451
3083
35
2998
574
1271
634
2565
4617
3304
1398
228
2157
4544
21
394
1761
2745
2765
4704
3164
3436
4205
3208
788
4751
288
3357
46
309
540
1870
1341
528
26
148
134
604
225
2391
4488
3718
228
2524
917
2251
3178
4605
987
2991
3922
94
3848
2991
3784
775
2288
3077
3002
3473
554
2904
2914
2302
1786
2380
2962
2753
3492
1971
2998
4102
3995
2435
785
891
3847
1179
1180
2680
2401
2826
710
3230
3889
4773
1163
4382
1882
73
1207
2812
1441
2179
3043
2495
84
3108
4576
1521
3681
2198
196
1370
4465
4356
2993
3949
3757
628
3927
3217
2697
3315
4121
458
2078
4594
3746
3584
2820
3843
4062
1901
1912
4826
4457
3215
1394
1090
1371
1363
3724
3757
4872
2993
3054
348
4663
1859
2172
4825
586
685
914
2735
2280
1861
2818
4990
3982
4905
2968
1979
263
645
2711
1109
2978
3759
4059
3419
3441
4437
223
3358
1195
653
2914
4984
3568
2715
139
1562
4273
3233
4870
644
4749
708
4872
1304
4925
1714
691
1562
2040
6
660
18
1985
469
1627
3415
4447
4412
2383
1822
2720
2003
902
2270
911
1728
1599
2343
1417
2301
2950
2881
4886
1216
4107
4506
584
1356
4656
677
1225
517
4322
4414
1168
1482
2320
4178
1836
1135
1329
3941
1858
4765
1170
2422
1843
347
3761
3150
1919
908
4210
2632
674
2288
207
1395
461
654
4425
4803
2953
1343
1837
3971
2708
4633
3625
1121
1070
3837
2455
3628
4514
160
2623
4807
3706
1277
644
4397
4830
890
1882
225
1683
4351
4479
1974
2744
2149
4353
4782
1736
848
1626
3115
1076
3152
2161
3878
2552
2341
3501
894
1570
2731
70
3052
3392
4715
3741
1786
153
3433
2144
4721
421
133
1638
3282
2847
4158
4032
3577
1124
1858
2221
4786
3266
1911
3912
2767
1064
4185
2121
1951
1995
95
1929
230
3972
2969
690
684
3251
1028
2596
217
1911
134
2151
550
1337
2258
106
2670
4644
1260
2224
2668
4297
3877
4761
937
3332
4904
1538
3897
513
4702
3207
2254
871
2679
1532
59
1479
2409
3993
4655
3589
3547
2340
4257
4024
1895
783
3800
1469
1344
1987
2134
882
890
2516
4153
3905
4281
1491
744
537
1766
3779
2702
1666
1854
479
1310
1168
2062
4345
1886
984
1551
3330
1377
2748
3089
3876
4437
2238
3173
2669
1968
4195
172
265
4919
284
1604
4667
926
4947
791
4388
4308
51
1185
3947
778
3126
4760
3693
3607
4029
878
2222
1756
2120
2298
3804
2235
2666
4530
1760
2582
2981
854
445
3857
4990
2766
4827
1201
552
1416
3827
52
4523
2727
1532
2126
801
3625
3741
4067
4675
1656
3142
450
2822
4990
2224
4180
3674
3555
952
4988
3113
4480
1095
1523
2147
627
1737
1962
1548
4913
2370
4812
749
4136
4800
2110
1356
1233
1268
871
4705
4984
4334
664
527
3745
3151
3972
145
4230
2916
929
647
2479
1085
331
2543
3083
391
1704
1935
2564
2517
1841
2250
4383
2357
2555
2868
2950
2857
2486
4260
243
5
3675
3468
4110
1140
1781
320
1350
1708
2329
1786
4320
3745
2911
3439
2212
1958
3027
4805
3911
4251
413
331
216
4272
762
1462
4303
162
1672
2080
3522
4907
2196
34
2147
2681
3006
1036
4904
2432
3586
950
4451
1251
4748
1210
2575
1310
4159
3264
78
4326
4303
1190
4157
1910
2680
2559
1329
1913
1218
342
570
3134
632
3206
4566
1665
907
180
2861
280
4752
1038
3673
2250
1139
3342
2280
3706
2527
920
2226
3093
1298
1944
3451
1684
547
1245
4511
2976
129
2267
3426
4287
437
455
2550
633
2116
2917
4663
559
1461
1047
461
4845
3582
1628
1110
2806
1979
133
1933
3336
4085
1350
833
3501
1102
1005
4168
3232
3460
2073
1595
970
1921
2841
1849
1119
4509
1863
4936
4676
888
4317
2347
2434
2843
2193
1354
904
3565
905
1753
2732
828
1504
351
1954
1190
475
65
3912
3975
309
3043
4595
2624
2139
3736
2302
4494
3624
4602
1450
3836
3967
3682
675
1070
4654
3647
82
4032
2526
3269
2972
4286
37
1104
795
1090
2689
3808
1587
4165
3741
1574
578
1942
2255
3932
3360
999
979
4089
1881
2881
4088
1875
1436
4451
2803
4501
2087
2976
721
4202
2694
621
3090
708
1403
1282
866
170
2477
2718
3093
3028
4245
2630
2563
1698
2804
789
4520
3198
2696
625
4227
4985
2916
3967
836
1633
1960
3019
1344
3197
4709
3097
3548
703
3124
2156
2555
813
4174
4763
643
2675
1046
3185
4450
4911
2348
2587
2407
2458
1316
2266
3568
2191
1602
4389
2623
2913
507
1241
3635
4249
1984
1081
1113
265
2663
1263
4390
2688
3842
1938
1559
768
177
270
1456
3442
4523
2664
1548
1929
3090
434
2618
491
1841
3136
4213
3975
4244
4824
2005
3512
3790
3067
4175
1876
29
2963
4587
761
3640
4910
1732
2332
2776
1088
2839
1670
1367
3031
316
342
3910
848
4778
48
971
765
157
4922
1017
1125
2480
2950
2211
272
1256
629
3481
3175
3282
4115
1691
52
502
2787
1218
2952
2185
711
4765
3673
4223
4680
2635
3877
1913
2815
2500
2897
4257
1446
4217
4518
2211
3594
4501
2865
727
3258
4455
647
4397
4644
1078
3496
3082
1968
3629
4454
4438
1507
1732
3551
1031
348
2675
692
1219
2272
1317
4302
2680
1012
4618
4038
781
2704
4938
2898
2719
1342
2378
1858
1469
729
3548
1678
4805
2236
3440
710
438
3571
3227
2603
3489
4261
947
3482
3139
4046
813
3495
2857
2810
2704
1908
4195
3837
1758
1113
3701
3107
4824
2077
3900
2477
1249
2855
1544
1846
3753
4712
1870
3689
589
4796
2204
2783
527
1960
4420
2555
4857
3532
1530
1371
650
74
4945
1473
2086
2939
4529
2538
123
4933
757
1926
2683
334
2078
4588
3959
748
3412
1674
1687
4416
3116
4741
211
513
3080
3264
3861
1976
1455
3336
10
3049
1919
2226
668
3966
221
4990
2108
2918
4083
3695
1983
2919
587
2491
4475
2098
2348
2180
4048
2663
4387
2759
1440
1856
4259
452
4246
4742
37
3252
888
3668
1186
1401
1051
3342
1880
3544
3073
2270
4165
1840
922
3636
1508
619
3683
4753
2038
204
528
1880
2482
797
3549
2349
3697
4037
731
1026
2621
2049
483
2473
1959
3868
1222
259
3395
3215
3509
4877
490
3847
4632
3817
217
273
1579
2881
426
3854
2787
377
365
4887
3353
2008
4880
1738
4050
3646
2739
232
4163
3191
576
1171
3489
1283
2020
2244
1306
848
2895
3819
2079
629
1830
2322
1149
4740
4310
326
1930
179
769
3871
3154
4175
4972
1649
3325
89
3870
3774
4094
4589
934
2767
1517
3772
4728
1211
1657
2202
4781
33
3255
3269
2508
4845
1156
4217
1042
4662
3749
4382
1489
4853
2249
3379
1690
4022
2942
1047
1122
4853
3036
4776
3513
1995
2172
1247
2902
3348
2973
3784
1070
796
3905
1843
2119
3427
1987
3566
1448
2390
4957
3707
3909
963
211
4282
1980
4414
2092
3555
1805
3496
3063
2347
3795
1760
2338
1924
3571
3857
229
2189
1331
261
3130
4031
2259
544
231
1985
1770
4820
1700
588
3143
223
4115
3823
3259
3610
4328
345
4540
4569
162
1208
1910
2990
1953
4206
2837
4716
893
117
1192
1065
2322
4541
4295
425
946
1632
1688
4513
2316
1726
3765
1402
1763
4579
2119
3610
345
2839
2847
1363
2400
757
693
4615
549
2236
4457
2357
150
4956
4660
4852
4028
4296
4581
4521
2392
3593
4256
4365
2882
4084
3426
720
2952
4918
4604
2885
4025
428
4541
151
2892
1662
431
2394
4026
4549
2891
1857
2717
2276
4794
1436
1155
2100
4515
236
1816
361
2068
4257
129
495
1327
859
1895
2638
1065
1100
818
3849
3803
956
4814
4405
388
2704
2680
2560
4549
1780
1967
4543
1178
216
85
1181
35
582
4621
3220
3280
2302
4426
90
4126
2193
3742
4603
975
4361
4776
3166
4578
2693
1857
1077
1611
4985
4313
1545
1788
37
1109
1182
1545
214
78
3475
1014
3531
599
2930
3441
2856
1288
1881
3862
3002
1746
2528
3599
4647
3156
4791
1891
2240
1500
4699
4420
2625
2308
1648
2781
1925
723
3178
4434
688
3659
3145
3558
113
1422
2552
4687
3842
2133
4511
1269
3705
1752
3874
4485
2281
1311
4224
1290
634
2377
629
1571
2627
3799
3658
1042
3489
3568
57
3643
1505
4423
1351
715
2309
2206
1354
1969
4715
1111
2158
16
2743
2718
2592
996
3458
1645
418
2010
463
4086
2390
4115
4546
3005
1545
3305
937
3397
2866
1795
3949
4064
2018
4775
640
3642
1697
4670
3496
391
1867
4107
1653
3141
1323
1713
4157
647
4327
4239
2971
4895
4613
3804
1424
4927
1046
4730
308
4938
4458
4438
2772
2947
246
1432
4725
76
3776
4462
1633
2684
4646
701
2743
661
4641
1843
1852
915
469
634
3993
788
1783
2832
3007
2095
4606
577
2274
1986
87
2158
4298
2040
2748
1791
4144
740
4606
3531
4635
1423
3562
715
4654
394
1884
400
4538
1621
1056
731
221
3527
2739
4991
4435
1289
2925
1965
59
2112
1010
348
4788
2146
568
372
21
2991
3291
3166
677
696
351
4748
3930
2241
27
4828
3339
1538
4877
4785
3026
1609
828
4134
1182
2027
2510
1737
1421
1335
1335
3494
4620
4581
216
1033
4475
4524
2852
3424
3143
3601
1742
4241
3144
1745
1618
4078
4276
4815
2208
1197
716
1974
2858
577
477
3178
1394
342
3785
39
3643
1311
1805
3959
1708
1687
729
582
677
2610
1704
4517
2355
3808
1969
3174
3531
3044
3558
1710
2881
4539
4903
1376
3442
1711
1742
1773
484
3407
2977
1091
4027
3288
1190
2497
2815
4318
2048
2892
4573
3699
265
2171
954
2955
3799
2917
4842
39
495
1259
2248
613
4270
1173
2741
4450
478
4212
152
3648
4896
2312
2620
2764
1841
329
2585
3296
3800
3386
1606
473
3511
3287
2514
4555
3498
1054
2138
1123
367
3934
61
2705
4362
241
1094
4226
3612
2667
3255
912
1379
2864
748
2709
2848
3284
288
2784
92
1442
2801
2902
2674
269
3191
2571
4399
1249
2250
2837
2865
3452
2944
1614
4572
887
1249
2657
262
52
2857
3457
4475
649
2856
2225
4205
4474
1174
1231
2085
1342
341
3199
2865
1436
2080
2314
3223
3558
4231
4777
2158
2533
1827
1052
1715
2477
1880
832
2556
4250
2606
934
2491
3127
3556
4796
529
3934
2336
937
3631
4016
1314
56
4949
4492
2636
3397
3497
2222
2944
3727
2991
1669
3381
1484
4902
3
2530
4882
3022
3925
40
1730
3225
296
1654
3139
2750
2566
4313
4320
2383
3419
3296
4072
1085
2168
3075
2290
574
3775
3423
3170
1504
1811
2393
3579
1754
1217
1430
1892
3792
1170
2907
3665
1411
4005
317
3792
4625
1404
4257
490
2321
784
4222
2118
1679
5000
562
129
1284
3957
546
4143
3885
4718
3963
4415
1662
2646
2312
732
1079
3251
3169
3128
4524
1636
4878
4474
1631
4768
4879
4062
4403
2922
1134
460
926
2746
771
633
4302
3244
4420
3890
4726
3515
2548
4978
1368
1682
4926
4774
1132
996
1714
3718
4296
2263
863
4075
3488
1085
3311
1508
936
2995
841
721
2294
3587
2884
313
839
3628
1755
2672
3954
415
16
333
1541
3981
2880
2181
1031
4409
1075
465
2996
1358
1424
1366
4235
440
1585
4669
1363
2872
3386
3114
462
915
3972
1207
757
2732
3526
100
2912
3323
1042
1439
3160
4505
2750
4171
2948
4235
881
1683
2226
2041
2583
649
3246
1574
1614
4288
2530
4155
4673
3161
1867
2503
664
1808
2497
432
4034
1533
3579
3706
2165
4991
1682
2534
2111
3229
2911
356
641
2003
2253
867
524
1825
365
646
1219
2747
3036
2355
242
1079
2661
1693
1219
1902
2688
2983
2931
847
2070
1910
1511
1080
280
4310
2069
4093
4380
2810
1236
2875
2983
1395
4732
2162
1324
2100
4730
1737
2115
3692
4316
2913
3341
1823
4150
2962
4400
1057
2326
2686
171
1115
3906
1479
1738
4135
1599
3917
4075
3008
1379
3223
4850
2740
3358
197
3712
2674
1074
1804
2246
2702
1825
653
3907
3462
3601
2066
2371
329
4327
4646
2295
1536
3238
719
1904
2787
4690
3010
2009
2762
2102
85
4130
70
616
2420
4176
2559
2568
3821
2618
150
3036
3257
1013
340
990
1938
2485
2419
2510
3654
295
3588
2729
275
4732
4456
2614
510
848
2877
664
2267
4066
3819
3062
3339
1499
1051
1686
3442
1082
1258
575
4349
2571
4754
1525
1790
2973
2318
2987
3499
3852
4693
4990
541
3128
2897
1944
1721
3944
1062
2996
3390
2577
4312
966
2764
4156
2041
1069
1157
530
558
484
4714
2950
4141
4601
2074
4703
1957
846
4258
3857
167
2380
4360
3108
1334
2884
2758
4278
2298
1364
4499
1982
4551
1725
1128
493
1517
4309
689
1895
2735
1752
197
2671
290
696
4162
1487
384
2278
3954
3082
4025
1615
1619
4954
4713
2127
2810
2388
182
4468
4053
2932
3273
1313
2614
1912
1224
128
471
4002
2864
4409
937
555
1336
3959
656
2679
1948
2038
23
4292
4354
3040
2563
3015
324
74
3113
4877
1020
2072
3358
1598
4877
4383
4659
3986
66
3026
3700
4284
3017
1388
4342
305
4642
4664
3703
1712
2295
2853
1266
3434
4441
3470
4962
2125
1148
3464
4345
4976
550
3463
3573
384
1682
910
4080
738
202
1111
4443
3621
1044
1287
2005
519
99
550
2180
99
4651
4277
2530
4020
1164
1777
4975
2015
2034
1923
1553
4762
745
3
2691
2953
4987
203
66
986
1908
1959
2733
2205
3598
3098
4729
142
416
555
3
799
4674
738
3369
343
1850
921
1615
4728
2709
2321
1802
4834
2327
1656
3492
2182
815
2353
2170
2466
1382
2194
310
344
3571
1576
521
317
381
1665
608
2264
411
4307
4372
2761
630
920
1060
197
3834
919
4734
2776
2982
3300
3053
3406
1
1648
2573
4673
4443
1637
3606
3255
3326
4804
4814
3682
3135
3312
1972
4179
3602
296
851
1289
1470
2076
1801
996
4163
399
3974
2382
1221
3741
1177
4013
1144
403
4774
4385
2577
4829
3328
1247
2337
3440
954
3023
3378
482
2483
260
729
2872
859
2811
2554
1932
505
3625
2052
4652
1019
2033
1666
834
3440
4855
439
1354
4180
3229
3645
4576
4463
1850
1110
4166
126
1614
949
519
729
1971
4219
2322
2248
3860
664
4957
3537
689
2923
1670
1729
2993
3557
2189
4899
1793
4950
4500
4770
3773
985
1510
2767
1754
1940
2907
202
3708
1070
1714
4625
1755
590
2637
1999
550
1983
2557
1996
2002
1539
1952
2270
3079
4848
114
2875
1843
691
1098
3241
4418
2626
3908
2522
1751
1253
3315
1340
157
1310
3622
3013
1585
379
4879
1030
2567
147
1861
2509
1717
333
4066
1863
1145
646
58
3460
3197
3399
3907
4947
690
4096
3373
4039
2311
4569
2396
1929
4784
386
2112
3909
2215
1547
4751
2756
2497
1178
1019
3178
2089
3674
700
2358
960
2671
564
3736
4629
4675
2979
252
3004
2744
1008
3800
3021
1476
3854
1351
4075
3270
4690
1659
3955
1282
2370
4709
3734
1321
4560
1745
588
62
2191
3532
2422
248
2696
1309
3719
258
3722
4691
4743
4839
739
1008
3576
647
64
3851
2743
570
3833
4854
3609
4294
3723
2063
117
1662
2591
3759
3473
3051
1751
3939
970
3384
2671
3953
1846
4286
628
4799
4364
1624
1051
2165
4676
1624
285
4930
1823
4178
65
230
288
3061
3483
1659
4831
1609
4521
3827
2449
4869
2239
1438
2865
4503
3464
4034
1467
1393
4008
4486
934
3824
331
1196
238
4185
1622
1244
2103
634
1824
107
196
3091
3880
705
4689
1313
2915
1853
772
2538
3355
1906
2900
2626
1139
616
1358
1916
4855
4053
3477
1970
1144
1840
4242
3530
4520
989
3737
3309
1945
1004
2014
4114
99
563
2669
3911
2767
3823
4994
2491
2685
4698
792
1568
3761
2005
4000
2032
2289
85
1342
3852
2247
3920
228
3002
1848
3318
908
1934
4370
3639
3704
2840
211
1683
3680
658
4983
1797
2739
4990
2422
1650
4816
3513
3913
2999
224
3066
2117
651
1427
3683
2768
3030
3712
1102
1409
1519
3770
3221
1532
222
3429
2012
4182
2030
440
4194
2585
4570
3222
1503
3225
240
1155
4395
246
1699
1628
2806
2204
3337
590
1148
2998
4538
771
4176
1127
267
4097
2145
740
4053
1246
2398
1095
2790
1346
4141
589
2753
3955
2911
3898
3076
3414
2136
692
2238
3218
1654
463
3066
1690
1019
303
3861
3878
2533
1876
4069
2859
1935
487
1213
4300
1001
2797
2136
2691
942
59
80
4427
2351
3816
2714
1494
1295
4176
2824
4086
4283
1923
1206
4930
622
3227
2662
684
2425
3011
3141
2495
136
725
3513
4277
2236
2553
3616
2764
4188
3459
4878
3482
1655
4359
4458
1869
4128
4172
92
1781
4778
126
3915
4912
1489
2241
3212
1407
653
1462
1081
748
2209
2997
1513
3701
2436
1361
4491
2025
4752
1929
4447
1141
1914
149
2253
1798
1689
1128
1223
2514
302
4117
1215
1696
3783
2741
3025
3335
2913
3404
4771
444
2355
1563
634
4933
4363
3354
1141
1538
2052
90
2320
3553
1459
3272
3628
979
4187
3419
4025
3725
3890
3689
4575
3458
1532
1860
3688
3909
4672
1898
128
4466
2213
2199
3174
3773
3450
3392
4875
2272
66
1818
1857
2442
3876
3657
434
692
350
1067
3244
1543
4787
2468
3058
195
2192
2261
1357
2969
1525
4635
3123
2571
1820
1322
4708
4244
2202
3355
2275
2081
404
3620
2680
1946
3753
2723
2076
363
3395
3415
4287
4104
2777
750
2195
4558
900
4936
2988
2170
3352
4246
75
4952
4082
3697
1798
2759
2915
1963
259
3607
3261
197
3260
3486
312
107
2018
89
3643
1629
1074
997
2677
267
1027
846
2271
3086
3472
3129
4986
1418
1672
4060
3019
2962
1589
4062
4307
275
3041
1072
2155
4404
125
1703
2194
4912
3854
4512
3006
3006
743
2213
3020
3304
2298
2685
1473
1882
4055
3576
1366
2112
4598
538
3382
3878
4974
43
3053
3451
1088
4041
1138
3123
507
2749
1734
3474
2445
4760
3087
2221
4822
2055
2340
4423
3616
28
4686
3918
3140
17
2011
2705
3533
1318
1781
1123
1547
618
3562
4865
4914
3512
4634
435
1429
1916
255
3038
727
3757
4824
4759
2336
4442
3898
4010
4484
3964
2340
3696
2414
64
1294
4625
969
1726
1461
4452
1189
3978
237
566
377
1945
4211
1435
163
76
117
2958
261
3572
3366
3293
48
4242
218
1166
725
1672
3668
1221
4807
2135
1343
2965
1257
3139
56
4877
1293
1165
3463
4284
4847
400
345
1276
3796
1255
3339
3643
769
3199
2568
4447
605
3904
3102
304
2322
4441
1753
2543
3546
4980
769
555
3071
802
194
975
2508
689
1894
2784
4576
3355
1056
1511
4397
4275
4157
4313
4818
3636
102
2683
2232
3132
2626
3388
219
3771
4421
80
2930
2051
2568
4126
1747
2203
3172
1182
4090
3453
4826
3537
4607
555
3177
2612
2167
3648
480
4856
2506
1098
2993
4624
3915
2033
2778
2183
3524
980
2596
4957
2346
2633
3254
2605
4221
4798
4577
4860
4072
1441
123
4599
4228
112
3864
3732
3544
1465
4614
4270
750
1607
4633
1857
2258
4978
3618
1268
652
4156
3306
4297
1189
4810
3559
2445
4216
3343
4656
847
2430
1321
1458
3553
351
4150
1173
3663
3392
733
3796
4866
3611
1388
1702
1836
3181
4294
1782
3050
1801
2825
4069
3600
880
3905
4151
1278
2090
4105
3702
2618
1729
2805
4936
438
264
3271
2570
504
1007
20
3001
4970
3709
1277
1000
4941
2799
582
3485
2957
4273
235
1386
3982
3377
113
1335
1339
1089
1913
4999
3657
2888
2149
786
3003
4735
4059
1160
1316
4197
3939
3810
2717
748
2050
2341
2550
2325
3212
921
3429
428
1783
3321
3521
3319
4130
4519
3006
733
4410
731
565
2642
3364
1660
1788
4805
3282
3111
783
675
3360
1723
1737
3891
4545
3789
4793
4844
4817
3993
2222
1790
1438
1290
3323
4579
1257
135
4383
331
4214
1324
2645
4247
1720
2670
1367
1136
1193
3502
4808
3675
1631
2257
182
4477
2602
1988
1230
1078
534
602
4864
1596
744
1333
3897
2758
1492
1901
68
1215
1130
593
4504
1146
2370
1892
3528
1311
4693
647
273
4283
2825
2076
3794
3438
2316
2636
1516
134
4386
2611
2020
179
2511
2902
912
2556
3099
436
3489
125
2049
4937
3548
1611
1064
871
2576
995
2282
2864
602
3759
1246
3583
2137
3472
3285
1449
4281
312
3895
3083
1339
954
2460
1182
2975
4420
1801
1650
1150
1058
4804
3625
4860
4490
3033
3143
4125
1593
284
2396
4764
2588
515
3711
4097
2631
4474
2566
356
1064
1550
1985
4119
3354
4541
3960
1574
4958
4455
4820
1058
1254
2139
4844
2882
545
4146
187
1058
513
4587
4489
3532
4981
4487
843
4247
2862
649
2730
1971
3414
4944
3175
2873
486
4171
91
436
4559
2170
2590
3931
2421
1518
1664
89
211
4230
1541
2996
2271
4292
2097
2872
3626
4559
2172
2184
1214
4113
3667
1627
1755
1821
4295
2487
1749
158
3446
4210
2808
860
207
661
603
2196
2475
390
579
3408
4448
3572
252
913
877
838
162
3935
80
3028
218
101
1325
614
4386
4484
3895
96
1824
32
2667
274
3402
3189
3162
2646
978
1272
492
3061
3865
1484
39
2210
4613
3160
994
3396
3655
1861
2724
2295
4233
2494
4828
735
3385
4909
2337
3354
2512
2706
4310
1046
4759
3591
4799
984
3327
222
2152
2009
2828
1495
243
1646
4167
922
4381
1520
1155
1611
4592
4422
3484
106
4973
3458
3894
3190
4500
4708
4141
1591
1296
2925
254
485
944
3354
175
4448
2456
1100
216
1517
376
4048
411
4762
574
4423
4484
450
4959
1959
3810
2151
765
2382
4985
4185
1093
2902
1830
2828
1358
3401
4741
4488
3809
1583
3976
612
2429
4505
377
971
1258
4766
1743
1794
4774
2706
2771
1666
1769
4045
4440
1137
578
1360
2366
4802
4633
3137
4921
164
2619
3862
3691
243
2447
1400
2068
4211
440
3339
17
4524
4920
3398
2014
2951
1530
1907
3598
1191
1766
4014
4643
2932
1517
1400
3591
3904
2354
1191
2163
1355
1584
4736
1226
2125
4116
4945
450
264
3510
3965
4021
4646
1520
2094
402
4849
4785
1681
2111
2385
4687
4512
2984
2479
3061
4479
1201
3081
4407
3200
4130
30
3619
1627
245
2753
4366
2958
1977
100
2320
1538
3774
2298
2828
1981
3763
25
637
1718
3702
4058
1473
1003
4311
4344
2713
4617
2408
2703
3334
609
2071
288
4642
2738
1985
4702
3263
4867
1039
500
2175
1829
3009
3258
853
4783
1574
822
4364
4071
4135
3716
2477
1988
4298
1902
1438
3494
1100
2800
1451
4173
2201
550
1268
4616
2631
3006
1344
1424
1374
3146
2388
4606
2148
1808
552
1482
697
127
1547
3903
2625
1012
2597
2690
2390
2090
4409
2469
4130
4646
4342
2164
2560
1730
3126
4069
1465
1178
378
1
1782
2258
2841
4311
3525
4510
4814
3466
670
207
2095
3884
2116
754
1453
4126
4300
4142
3309
3210
2334
3209
501
802
3834
2451
1158
438
4142
1769
890
2220
219
3929
1055
4378
295
3111
1150
2599
2773
3107
3791
4935
2664
3474
2707
4535
3802
1496
2477
631
1029
1588
4048
3655
162
772
4075
1762
716
2211
1787
4789
3982
4411
2004
1392
1035
3986
74
2556
2666
2187
4405
1039
2016
4992
3128
3342
2850
553
122
254
1172
7
4152
1859
3675
4164
4425
1094
3510
286
3454
2689
4243
4794
3512
2505
4023
1597
1639
4498
3279
3408
1760
466
1469
3098
2715
3360
3247
2246
1713
1942
4509
1475
3583
3762
2241
2
3110
1044
394
653
405
3786
4108
3413
3758
4507
1778
49
4788
523
3516
391
4106
31
4642
4185
939
3879
1954
4747
3201
3828
2004
4457
2445
1173
1418
4455
1396
2562
2351
3744
4608
3086
1555
3541
781
12
3088
4279
4193
1609
4218
4846
1664
586
4707
4196
56
2718
3668
2137
4549
4325
2181
724
770
2852
4996
4497
1800
4452
3044
643
2174
3656
1234
2093
3943
2567
3080
189
4149
2367
1056
2316
876
4977
1738
277
4755
3160
4775
616
60
3279
1405
4973
3575
861
2659
4976
4544
3568
1998
4858
3235
4454
1989
813
357
939
4465
129
514
2374
506
2957
4579
3762
4027
2092
4635
3870
4626
3822
3235
3233
4899
3537
2193
2350
1910
1523
286
2761
2496
129
1019
4725
1696
1788
4375
4070
2408
1481
2198
2042
2457
3632
734
1277
875
1619
1148
166
4072
1933
1055
3949
4700
288
2635
1381
4471
4073
403
3277
2013
3921
1340
105
3944
2948
276
3375
4308
1645
1634
4128
4987
3218
1662
235
4771
2473
722
3724
956
1364
1480
2936
1914
3594
1584
4362
4597
2087
499
1149
1966
4420
2751
3409
4547
457
3686
4849
1858
2164
3502
496
381
3356
2672
2861
4736
613
4943
108
908
825
4776
1182
3956
278
3490
1808
3168
4102
2489
3940
4977
86
1188
2278
4915
2903
1198
430
2282
2302
4141
4142
2459
2606
4628
1071
4590
140
1008
62
3186
765
4171
801
809
2486
4279
2149
1126
3843
4835
1289
2440
1872
4272
1532
1997
2229
483
1944
2058
3840
1973
4232
2182
4309
3360
1853
4471
3637
4340
2867
1663
4156
1076
2450
2394
378
386
2497
3851
4425
3868
3607
1369
974
4459
484
664
3628
4541
3101
4622
1499
2958
786
3479
4870
2818
3959
4196
1199
2364
2766
647
2100
1861
1715
1012
929
3359
1611
472
1101
1736
2791
3612
2392
2234
2659
840
1509
4960
650
2939
495
691
4940
4170
3108
746
475
1431
118
2613
3168
1364
4301
132
2721
67
4149
4717
2326
4142
845
23
1439
1113
1309
3070
4423
627
1491
4522
2496
1290
607
4263
3560
541
4891
4283
1754
3823
2392
368
287
4176
2277
1012
256
2081
1874
3186
2851
2482
3763
1459
1621
3347
443
779
726
4109
914
1376
5000
610
3296
1012
781
776
3263
4477
4244
4462
3211
821
3411
1407
2694
4280
949
4865
3029
2784
2171
4764
4765
633
2188
3846
2303
4199
464
4544
3098
3977
3420
2984
3479
578
3275
127
1757
4381
3809
4655
262
2209
532
4825
3092
4964
4400
2471
3528
3825
4668
4326
2572
2482
4574
154
963
4534
764
2239
2711
953
4488
2172
4995
75
1920
2970
4830
1800
4586
1807
4280
1289
2602
4851
482
1414
2900
1368
4571
2479
3574
3597
3912
1500
4314
2539
4311
2308
12
4763
2242
3478
900
759
2792
2677
2402
353
3024
1495
908
2674
3513
1771
2966
1829
295
3828
1576
3742
52
4363
787
1660
355
3181
806
929
4658
4920
2869
3286
3357
1808
1826
3485
2016
1292
2382
844
1192
4971
4932
309
3794
3650
2494
4700
3549
3399
414
1870
728
1732
3521
1757
2751
3305
283
661
2246
915
3333
4334
1129
1504
4056
3003
1663
2191
4265
4281
18
2789
4036
66
116
3112
1566
3865
4077
3014
195
3969
502
2451
4131
4604
1668
3274
4087
3409
1422
4950
231
4426
2423
129
1270
3922
1981
2154
3467
2278
1698
120
2263
4200
992
3919
2333
208
87
3026
620
3737
2299
4427
1390
4241
3865
3062
2130
1954
4194
947
2754
3268
3228
4452
4775
3825
86
1964
2723
775
3116
733
1455
3275
4025
1427
3402
3962
2011
202
2894
1220
1328
69
1065
1378
580
4045
4033
2236
3081
2060
2714
1190
1293
3213
3641
1642
4636
773
761
1725
1009
2989
3591
2367
572
4660
1018
4970
931
59
215
968
2456
2559
3523
2818
3379
3589
3492
3200
2547
2602
3371
393
4880
3328
1668
4815
630
3045
3476
3080
4309
1629
2262
1883
226
2093
3904
1494
2764
1691
4491
1845
3499
1443
4321
30
1960
2772
3118
659
2187
4465
1503
3840
1532
57
2390
2950
683
3168
1065
3164
1939
2574
4935
34
3596
2198
3712
2352
4596
4630
681
4075
2962
4484
3320
3951
4331
1448
4695
2598
2243
4939
1885
3111
4980
936
3896
775
2674
1706
1887
1005
1019
974
3800
223
2356
3859
225
4627
12
3086
535
2615
1370
4435
2752
1282
4182
1535
2050
2014
1958
79
1118
4647
1545
774
3631
248
4657
1680
1609
4614
206
4035
202
4716
2709
3343
3953
1540
700
3198
2129
1765
4115
3594
2670
92
3011
4065
3407
2843
4009
3309
849
239
141
1851
3413
1140
4429
1686
4641
2932
3947
4861
4468
1011
4885
1031
4386
4838
3589
120
3856
889
3886
970
1320
3571
4732
3519
4630
3049
1581
3201
1836
3565
4141
2320
1139
1864
2329
1535
4006
1751
4846
2492
3557
853
3191
2317
4213
4812
4609
3201
4704
4232
1317
3120
1311
2878
1570
1244
4100
1268
3096
2873
357
3007
322
1193
1567
1608
1041
3719
1673
2721
4466
3506
228
806
4865
3884
3635
2262
89
4865
2422
541
70
1168
2021
1065
3936
102
4219
4980
4911
1349
3275
3643
956
1196
4805
1158
3365
1926
3963
3213
885
4611
1889
2044
90
2368
1841
3091
4011
4900
4086
146
647
3343
2893
2866
757
2879
4698
1366
1916
2718
1225
1787
1923
625
2847
3276
1464
3929
2642
4324
2851
2615
3064
4525
1379
2292
1178
4349
1884
2095
766
729
396
4475
964
3353
2640
3709
1813
3618
3994
4657
3542
2617
1821
2427
3819
4111
3444
1148
2741
2456
1814
1805
107
4734
4410
4727
2659
99
1081
81
2989
264
2931
3385
2064
423
1409
4555
2399
64
3510
4503
1029
2770
343
225
336
882
2876
1736
2977
2500
311
2156
3979
737
4986
4012
2197
2357
921
4225
4099
4595
1518
694
1602
1575
3367
1671
1243
1153
2926
3751
4531
197
2874
451
4492
3327
1001
1574
1744
293
1205
2199
4815
2139
235
4148
2608
2362
3834
2607
4151
264
1924
3521
4458
2261
4939
2168
1597
54
4669
660
3512
2357
4182
3070
4733
460
12
4563
3036
2552
1436
2499
4124
4039
983
4436
2452
2514
2645
4882
3070
498
879
3035
1452
2412
867
1785
3168
1340
3216
2158
3069
1333
771
2644
959
1713
596
4817
3852
4545
2104
2598
853
4047
3564
4405
716
4678
2952
3098
4802
2620
931
3213
4383
3180
2152
4209
521
4272
2722
1000
2137
4165
4947
3570
3502
2968
4444
1536
4121
4009
966
3622
3021
4031
2064
1227
3704
815
677
4913
650
3359
3070
217
559
273
1624
1063
3430
2411
4860
4362
1552
1080
3869
4928
2136
2332
4987
2341
4664
3822
4379
213
4119
2896
426
3952
4065
1171
1566
4985
964
1072
283
418
430
3961
298
2693
550
2747
4122
2270
4252
724
2558
4011
972
2676
2496
1233
3798
3229
4317
4637
4596
114
379
800
4343
2805
3728
3368
2090
932
357
459
3139
1532
2113
1970
3755
4132
4525
3704
4047
4566
133
411
4148
935
3342
1304
2225
2005
4695
4944
2483
2515
1148
116
4935
2114
1596
2523
3764
2146
907
4894
2535
3600
3378
4152
3715
5000
3336
3053
4805
3108
2916
1742
858
4821
469
4785
2730
1148
4308
2178
3895
3959
3813
4605
2187
129
4887
119
4951
1073
1996
3927
1960
2941
4198
1861
2635
3956
1198
4581
2697
1197
4724
3872
3048
2698
729
2221
4154
2147
1994
282
4313
4672
3120
4632
3433
4174
1441
3262
1543
3480
2120
3879
4581
377
3341
1598
786
4233
598
2552
4382
4294
53
258
3731
2754
903
2554
2874
1524
362
3455
450
2865
3881
1436
3800
3453
2442
2144
2261
1702
2606
1188
3309
1852
4357
2353
3594
4292
301
1541
3429
3131
3700
4007
1339
1770
2406
4107
1082
3937
830
1895
2799
3886
1037
472
4830
1144
2309
673
3313
3878
319
2021
936
4157
289
3312
3631
2405
3859
1970
672
3673
173
3369
3457
3607
1400
4365
2025
3989
4558
2184
817
4310
594
4505
4082
2877
4147
3463
2397
3619
142
697
365
901
4140
3819
4122
2053
3583
1970
4140
1751
3660
2601
3408
2208
2942
342
4081
1460
3370
3841
2539
2261
3208
4745
111
4407
1808
4034
3776
2680
20
3098
996
3934
2894
2292
4765
486
2970
191
2351
3519
2118
4478
2552
3795
3999
1440
687
2373
3441
1043
4720
3362
4869
1963
2367
2136
3316
1303
143
611
1185
2036
4502
2637
2035
2753
4926
2200
3200
3617
1474
4440
2430
1981
4287
3569
3980
3043
4093
2784
3540
56
1207
3052
1794
2781
2191
3988
2634
4998
1022
2639
717
1057
4916
1799
2564
2513
3600
2230
1823
1323
1334
591
627
4811
3162
3640
3269
4708
3254
3515
290
120
448
1802
3564
2221
2756
242
1353
3348
2890
2980
1841
4574
3351
2085
2238
3116
4089
3848
1141
3741
2395
3162
4729
3389
4181
3130
3396
1090
871
3285
1348
3004
333
1214
102
4067
3829
694
3838
1377
2650
2545
1175
102
1505
4333
810
2316
3489
2588
2755
2533
3610
1164
2139
732
4258
4196
2432
4034
4820
2654
1909
2830
3740
3825
2364
2873
1169
3133
1213
4787
2538
4960
1754
4975
2656
3497
136
635
102
16
1848
1802
2555
1000
4925
4459
2022
2562
2434
2383
786
4480
4093
1839
2722
3237
3917
4067
956
3337
4210
1514
1319
2987
3548
3115
2049
4165
2450
3871
1044
1844
2479
3140
2022
2516
1356
4762
3536
3711
4330
3691
3925
2647
2408
1991
916
2938
1351
2099
441
1987
3547
294
2441
1909
1072
867
1484
4429
2777
1212
4631
2918
2005
4714
615
1638
4599
3669
3801
1477
2490
4764
1629
972
171
907
1842
4579
876
2674
2435
2947
1529
4793
451
953
3621
2360
6
2084
3997
1661
2455
703
2917
1065
158
2702
3584
2180
1831
2950
4847
81
2401
448
1664
4416
3745
1813
528
220
3369
4693
1161
1624
1740
4520
1370
824
3969
610
2219
3137
1069
3598
3387
1246
2794
2447
3109
2813
3789
2417
2537
3131
1947
124
1144
4824
2089
436
3354
2464
1676
2581
4644
4197
3116
2626
1592
3572
4225
2062
3014
3600
1660
799
4153
3883
1527
1060
1105
1889
199
637
3299
1516
1522
559
1899
957
2957
736
2459
2374
1790
2132
3765
2745
2783
189
2079
4477
3051
2653
786
4608
598
4874
1680
3539
3106
3222
4640
2725
3375
2741
2638
2668
1590
4556
1460
600
87
4760
2615
4853
4454
2084
1654
107
4974
695
3362
2016
4409
3167
4313
382
2993
2938
1917
954
2668
3694
3636
3894
2022
2361
4571
3766
4949
1148
3876
161
4779
1450
773
337
3222
538
2398
3849
3349
1255
244
2747
4339
4762
3031
1904
153
1944
1566
2247
4101
6
466
3822
1893
935
1951
35
478
3696
4757
3669
2730
3641
2128
477
765
4398
4888
3046
4640
2854
3277
618
1647
1668
2358
1708
1907
40
3136
4227
4070
1804
4368
3621
2124
4856
1193
861
4012
2521
4628
2814
4123
2788
1868
1026
3186
4734
490
3556
4387
2009
3671
773
360
3376
2876
163
2142
4399
1675
2868
1252
1420
580
4040
2289
2058
2155
995
2567
4404
4281
2728
1130
951
937
1796
420
2848
4104
1770
298
2055
2279
3842
1977
1025
2144
63
4266
130
2804
3095
381
4595
1112
106
203
2717
3017
1364
2447
1386
1570
1382
4774
3104
4307
4056
3636
3426
3120
3513
2515
3566
2569
3189
1397
2307
4013
4703
3140
1478
4685
526
73
1866
3242
104
2958
2613
1716
585
2924
3600
3570
1453
1296
2613
2132
2871
1001
936
115
191
3274
132
1336
4251
855
616
3379
1430
885
461
4450
350
664
3291
2518
3361
1494
219
3170
533
2057
992
166
2760
258
3687
4287
2934
4213
1140
3302
4882
4384
128
2737
1202
1351
1917
923
1052
122
1640
3139
4437
3675
1857
1492
1927
4865
1855
1219
987
957
2153
3975
3440
1472
211
4446
22
375
2851
4403
4508
4124
4770
1528
517
4623
4044
2950
3722
4269
2291
3003
757
4119
309
3633
3106
2854
2972
99
3259
3570
2902
2088
2255
1338
1295
2962
3994
3728
4386
2206
602
4009
4464
1405
359
1132
4134
701
3288
3507
1540
23
2995
3362
2923
4673
4365
4489
698
3592
3458
1538
2078
492
2381
3578
1532
325
3621
2309
4190
1513
1201
4121
861
1046
3938
4988
2319
31
4500
3375
2182
227
2057
2382
3914
750
2811
3041
3747
4909
4607
4111
2518
2358
1162
1387
2359
1348
1385
4051
1226
4451
3111
3494
2954
2075
2085
3332
334
1869
1690
197
2154
4864
3781
5000
1956
939
1268
3090
1569
270
3473
2249
4048
741
3082
1946
4157
1447
839
2291
4057
1024
4039
4873
486
1798
4224
3869
122
135
2456
2718
345
514
4397
4192
3255
1358
477
3576
1866
1625
2812
713
1746
2736
4019
3431
3229
4455
1973
3408
3354
4520
3432
1583
1462
1555
2965
497
1742
1897
1806
4423
2080
2084
948
1473
3944
3348
2785
2239
3248
3644
4006
2183
3489
3880
980
4379
1854
3679
737
2517
2352
4660
3543
1880
2677
2591
801
3660
609
192
3827
972
3677
1177
1694
4602
4622
686
942
1348
2187
2179
4100
3756
1260
3080
4721
4942
490
527
552
3493
312
2804
388
2171
460
2318
716
2513
929
2196
318
516
2143
4873
841
3480
660
2741
555
2877
2781
537
585
2769
210
1951
2454
4109
2445
3942
3546
4930
400
4251
1671
538
2005
1353
138
3285
4517
2590
2757
3410
3847
2629
2026
1712
3928
1361
3928
4364
4905
3029
4669
4926
1324
3192
4148
2598
1891
3408
3704
2188
2143
2109
3533
1399
1387
436
3100
521
2357
4323
4008
2770
2945
4861
2013
658
4911
2881
3558
4640
3684
4054
3128
252
4815
1688
2468
4406
2913
4140
152
3719
4613
2039
1283
101
774
2242
2059
2666
1595
3936
984
3683
1591
1325
1716
4383
3753
1654
1367
203
1477
630
396
1688
1689
2130
3521
2026
2722
205
2208
2521
1663
2354
3163
994
1319
3455
4719
1650
2900
3760
1139
3139
4640
3196
1051
2047
51
3628
3242
3785
886
2170
2914
3386
457
4102
2006
2037
1582
1576
238
4218
4819
4732
1928
2165
691
3900
2799
3311
276
284
3340
1180
896
227
953
4987
2252
4366
3423
3385
4383
69
1347
1837
4469
3966
4004
1301
1136
1773
257
529
4626
2254
628
2908
3720
4341
2635
1654
4144
3522
647
2481
2340
744
528
3510
3817
2389
1340
177
4070
4131
965
2179
4723
3343
3514
4203
1515
3452
1276
1238
2368
2588
523
969
3668
2115
1376
4097
1767
1018
4078
1185
4403
2912
989
1646
2420
1171
1020
2810
98
4449
1401
1503
4201
2847
3848
3293
209
4960
4593
2783
4017
485
2070
887
745
3852
3146
3839
2357
514
1807
1470
244
2026
1738
2484
4635
2883
3372
2848
1115
4662
3307
4305
407
4729
1908
491
2733
4335
2585
1138
1936
682
2458
3444
2287
3583
2230
4221
2245
2210
1058
4803
1851
4912
3248
1148
1940
448
4076
3265
3458
746
161
3601
2527
3107
1678
671
4481
2264
2473
3167
289
256
693
2495
4234
3016
3607
692
792
61
1834
1214
2446
4881
484
1426
3783
2529
546
4798
980
4665
2390
4389
4405
2460
3005
2996
1288
1885
2064
4068
3544
2353
4173
624
3099
4325
2039
2911
1908
1332
2332
2815
1478
4936
3150
203
1694
1306
2411
3338
1773
1332
1734
2154
830
2855
3007
4177
3463
2357
664
2001
4680
3471
3440
1541
2869
4520
4885
2616
964
2208
436
4186
2876
2908
2247
1823
3331
2101
1620
734
4809
4655
2853
952
157
3112
2819
2964
4998
2594
1038
2676
4059
2698
6969